2
Joao Robert
0,5
5
Mega-Sena00: [ 13, 14, 36, 42, 46, 58, 59 ]
Mega-Sena01: [ 5, 26, 33, 37, 39, 56, 59 ]
Mega-Sena02: [ 5, 12, 19, 21, 23, 42, 51 ]
Mega-Sena03: [ 11, 15, 16, 20, 36, 52, 54 ]
Quina04: [ 46, 53, 55, 67, 70, 78 ]
Laura Miller
29,5
4
Mega-Sena00: [ 2, 11, 21, 31, 47, 54, 59 ]
Lotofacil01: [ 1, 2, 3, 5, 6, 7, 8, 10, 11, 13, 15, 17, 18, 19, 21, 22 ]
Quina02: [ 10, 13, 31, 32, 43, 63 ]
Lotomania03: [ 1, 5, 7, 13, 14, 15, 17, 18, 21, 22, 23, 25, 27, 29, 30, 31, 34, 37, 38, 39, 42, 43, 45, 49, 50, 52, 54, 55, 58, 59, 61, 62, 63, 64, 65, 66, 70, 71, 72, 74, 75, 80, 82, 85, 88, 89, 90, 92, 95, 97, 99 ]
